
ZNPCQ003-32383400=1ffdf411; TS0178e7b1=013fbfbcae08ffcabbaa4d62b7fe32a4d9679327c81076400eab9243529c5527b8ff75f5082fe6c0dbda142403f9b9e16ebc5b3e295496f5a09aedfaa5fef0b70271f6750054538883b1fd880e8e43df68671788b3; TS019a8b12=013fbfbcaeefc057ff02eee987c53ae82c70e41a0532b75fd5f77adef452765f321bf167a0443e3d3e5120b63ba0209eb07b8d40bcd979e6666d38756fccc02933e34a6fc2; TS01767948=013fbfbcaea7a944f87fc02c444dd1db5a0fdb132c1076400eab9243529c5527b8ff75f5082fe6c0dbda142403f9b9e16ebc5b3e29b57f9932b4f3a27272f5661dd5e9a6dc9d14e4c4e0dcea725b7770e16473798a5a36384a82fa2561fdcae016d7175f91; style=default; BIGipServer~portal~coreprd=3306006408.37151.0000; BIGipServer~portal~wpsprod_apache=3792349064.20480.0000; sessionExpiry=1731972584727; serverTime=1732046816131; 

TS0189a67a=013fbfbcae8937261acd6b5c85054de7821b9acedc1ccdbfa71241ea97d1b8d79282cc912b2a874253af5a57c2c96b694731b7bc8aff48dfb6bd58e9be5e6c25a373abbffe; BIGipServer~portal~wpsprd-pis=1996728200.36895.0000; BIGipServer~portal~wpsprod=3792349064.36895.0000; 

TS01ab1b05=013fbfbcae9f293b6f13f6052e9295b8d55a080369ea3330d22943d005da043f5afe0cbd9314c8f967f4b0cdbeaf09adf8b6ca6b3efe5c2a98c9fd26752e623f13bc7c5666; 

shib_idp_session_ss=AAdzZWNyZXQxBkQ1i9VQNYIZpAxNV6RWBoQvwl%2FXGrBzCJMs7KYzsw1a9sRZHYrZIna%2Fb5U%2Fsi12W%2FIlPt6Xw25Hvjxs0PHNyMmsvOYpKgKYjFUI%2Fh1FJUkpLKFLr3k6CPzlwCnvBaxUhVyix5lycXp4n8v%2BmM76aaA3pI2Ve%2BpZmYOAe3Y4hMEWS%2Bm4b7BSlWVH8vT4V3kgS2CzPbf7LgY6XKzVKHyZ6jDXJjm44lcugnTmz0sp%2Fm0e1rP82dyt2y7hyqfsecQ2%2FiknRjdmsfyqyGdj%2Bh6K%2BbYsFVkt1paSXuZ%2BkHLJiEU5WF4TW%2FjVZYxOfi5BiISxc9xftJVtmJi1cOusueCCquG5EhVmFtJ4VQth54CZPb4q35E2QblMJtmrzvZlwSis; 

TS01985687=013fbfbcaee9ffe27c14297ea6d2a4cf86a13d84ba2f72276c0e10f8633c7c7c7ec4f7be732fe14d9e87d5fe8b7af3e3e6a56a9721; 

TS01a59e17=013fbfbcaece4cf85a114707becd19dc42073043362f72276c0e10f8633c7c7c7ec4f7be73617ba3c6db68daaa60e1888ad0a879abb204f6d6d1e9914c7c543af3cc49263b86a9bb89754a13e2ed6891cf6fdd6faddeb8f3e963f399c4e583a4c62df87651; 

TS010d0163=013fbfbcaee2ab5b8db7cbcb276abfa273651965b832b75fd5f77adef452765f321bf167a03942130b9aca751ac3a88a34b041e710; 

TS01e1f339=013fbfbcae7bec6a65f427cf0f6d79eace729dcf6605af9e6d947e53fc4b4296a8b1c630300aac60c78d15bac4b8307594ecf727704e84cdc2428d2b660d75f632c5fc4e95dd20b910043ff465a641c2f4a09af8b476dd877206110b3c1bcd504d9396506dcad8c322a4037f692b356c4713351c2b4cc3f6681eba59c4c98f2df724538399590d45e0ff83a81545ccfe9e3cb30291f725f9d1af87266d981ab80a4280c356812030bfd994cce57875bd2676df9e64edeb8245cf35b26066ed0656148b62f5e33e70e76371da9154baa2ee46ca8e3e; 

IPCZQX0325aa2fc1=0600a90088a713c905134c29a2ff09ad0f4ca219; 

TS01ef6dc0=013fbfbcae9e6c9b4686ce8ee4a9c9788e7441c979ad5d3e7994642342b19536c6190dd7c8fe17d438663b2dbea670e50e30bc29c09d76d218e4b44ab54bb2943951a1d4855912cd0edb60caf043cf4903ee42676d2c4850a769b804e372153f65c884fff9c67d91681177aff4542b5967a8281d645ca04521202dade1d5f3d844410efe66; 

targetURL=https%3A%2F%2Fservices.bc.edu%2Fcommoncore%2Fmyservices.do